node_id;cluster_id;transactionAmount|Сумма;transactionDateTime|Количество;transactionAmount|Среднее;merchantCategoryCode|Кол-во уникальных
0;0;44,68973007698682;5;10,452348513412375;1
1;1;416,94143609248886;9;46,2621239679106;1
2;2;919,7657236959581;11;81,9398363926284;1
3;3;998,8839204858224;14;71,13579815199661;2
4;4;1197,3629187492932;16;73,83250066900003;2
5;5;1608,6669726811665;18;88,65697958750128;2
6;6;2497,241169548517;25;100,62336712875431;2
7;7;2805,779091136155;25;111,19249000912058;2
8;8;3626,329451264862;29;123,52197287690355;2
9;9;6855,134574031609;51;134,60863610917662;2
10;10;11969,251321303464;80;148,08548824674827;2
11;11;7889,787076125854;50;159,66755172798713;2
12;12;6397,974336528408;41;157,98194707577184;2
13;13;3637,955126510875;26;136,13053971842385;1
14;14;1904,9075269319264;16;114,98022488949259;1
15;15;80,12920147915352;7;11,01507069424719;1
16;16;178,995230073374;9;19,280742078774264;2
17;17;483,5902345703932;11;43,77926424023995;2
18;18;674,6541729249069;13;53,78412250033754;2
19;19;820,9673327721373;13;61,44229803232541;2
20;20;1631,2404263325411;20;79,96910630412287;2
21;21;2546,3226253897196;26;98,32099708349051;3
22;22;3874,599601660137;34;112,63279059115924;3
23;23;7152,136362017148;56;124,20977420410274;3
24;24;9352,314163831486;68;135,87890872048757;3
25;25;10203,736223282645;70;145,42202972975156;3
26;26;9519,2364454405;62;155,51679577589383;2
27;27;3915,7097414723626;22;175,67745503524839;2
28;28;4458,221921422698;27;167,8547897183521;1
29;29;5858,071363656522;37;161,06407476591366;1
30;30;111,013474164006;10;11,095190556384122;2
31;31;236,37362852124105;11;22,288528969653754;2
32;32;484,1218179484295;14;34,453509958645895;2
33;33;652,0210765898402;14;46,88941703004396;2
34;34;1710,0946718454052;21;75,12009390564998;3
35;35;2894,3067057930766;31;94,95637287135594;3
36;36;3112,918301077716;28;109,78962854646146;3
37;37;6033,203675707612;49;122,48475793920407;3
38;38;14749,115837768677;110;134,99733852971215;3
39;39;13034,717215340179;88;147,80195463540855;3
40;40;23283,208549279687;151;154,10645868788015;3
41;41;9687,13612815537;61;164,99990269395374;3
42;42;2612,104994761061;13;200,46957416436737;2
43;43;2156,4873279086883;12;184,38681746630635;1
44;44;1785,98708998277;8;217,6434797781243;1
45;45;298,22399460889363;16;16,9833749668108;3
46;46;442,02251690199233;16;25,110734043377064;3
47;47;703,644536599311;17;39,13275304722745;3
48;48;928,1267835400512;18;50,89020048232744;3
49;49;1500,8098913951176;21;70,19751862948942;3
50;50;1758,9781592644613;20;87,3657195728624;3
51;51;3144,6286379540666;31;102,92438848657795;3
52;52;4310,246669314878;37;116,0297595592185;3
53;53;6922,6332805883285;54;128,43976670017432;3
54;54;13080,703374849676;92;141,7475430592193;3
55;55;175683,47118780998;1185;148,96696827870352;3
56;56;11595,331863961852;71;163,4902876988859;3
57;57;8772,49137273471;52;178,7349573144533;3
58;58;3510,2309132837554;15;235,53243915094092;2
59;59;1699,0692530351162;5;302,4219979723455;1
60;60;440,9575310553558;20;21,281313277168852;3
61;61;727,3018935613491;20;37,395994162686584;3
62;62;1082,7585997107767;21;51,88934272426632;3
63;63;1267,6530418079367;20;64,06768361545713;3
64;64;1786,2294824789865;23;77,03575669039945;3
65;65;3297,7795402961683;33;95,05771416523368;3
66;66;5921,918259955239;51;114,64587274553698;4
67;67;8713,123989335467;68;126,12963060328565;4
68;68;11380,460682121258;83;137,17026286832765;4
69;69;20726,89205992297;140;146,80044296932715;4
70;70;20846,386111445678;135;158,83598950012566;3
71;71;7852,641801188372;45;174,51151547844435;3
72;72;5376,612382868861;26;208,99621990846498;3
73;73;1375,392471190155;5;284,61753386195176;2
74;74;1405,7970546149866;4;395,10620479286484;2
75;75;588,8657804845279;22;25,167567773452124;4
76;76;794,0483800247949;22;34,94682198685008;4
77;77;1191,7878221039919;23;50,51019277957719;3
78;78;1574,917622178239;25;63,11383320059955;3
79;79;2024,7691843763887;26;75,54620023315472;3
80;80;3936,581966184976;39;97,83709841874989;4
81;81;5372,207633268077;48;112,37147743702151;4
82;82;8140,489596987797;66;123,58585111764584;4
83;83;13117,555949008241;98;134,1276585606343;4
84;84;18472,74645295243;126;147,0653171276678;4
85;85;15198,819199876736;98;155,0338895628002;4
86;86;23354,739944485595;153;163,28577110596078;4
87;87;5351,329564436782;28;191,6130235041549;3
88;88;2857,936769170971;12;233,75115870142335;3
89;89;2753,187956430664;10;271,56623645032255;3
90;90;697,0547839829638;25;27,595955261821768;4
91;91;1144,328765877125;25;46,52514651564077;4
92;92;1742,0162698040233;28;62,47686669711956;4
93;93;2150,2902456629395;29;73,201847631241;4
94;94;3010,9259414759226;33;91,55046731731773;4
95;95;4782,656779841242;45;105,90481219471309;4
96;96;8284,863049873615;70;118,3593771855453;4
97;97;8711,678786492206;68;128,85070585833384;4
98;98;13314,868324184486;95;140,51377320471985;4
99;99;78318,05432545338;540;145,13508491819059;4
100;100;227168,41176252207;1537;147,8055596268809;4
101;101;37772,34102008028;245;165,8318626598949;4
102;102;10578,504435800935;62;180,05735288543178;4
103;103;5269,781772790514;25;208,38171520955393;4
104;104;4110,977647181906;17;242,67574984271383;4
105;105;920,4925603472541;27;33,2618365965624;4
106;106;1231,3842286771765;28;43,02854892051674;4
107;107;1813,1340221948262;30;58,789916086722954;4
108;108;2311,2056027720687;32;72,15798901310264;4
109;109;2519,1381032819054;30;83,01196888140262;4
110;110;3591,361761511932;37;98,23832872034411;4
111;111;5535,431239364975;51;106,13254355931821;4
112;112;7674,813458028215;66;116,10802952486763;4
113;113;10788,191865306348;84;127,14576844142569;4
114;114;45575,88729991118;315;136,07662720184805;4
115;115;786743,1909945139;5228;150,17222916122827;4
116;116;72180,80247440212;464;155,314065199396;4
117;117;18039,589735250884;109;165,2919241005289;4
118;118;10043,060043752745;57;176,39073924488994;4
119;119;7476,014592386318;39;190,1950592878285;4
120;120;1097,1608479941672;30;36,972864728030146;5
121;121;1912,0549192314295;36;52,63859511869786;5
122;122;2478,1653202187185;37;66,80184613105496;5
123;123;2767,248721466706;36;76,76883612426332;4
124;124;3126,6121148821244;35;87,95799737279476;4
125;125;4102,881741463449;44;92,94157115978352;5
126;126;4898,9611291547435;51;95,62739505976677;5
127;127;7136,44273434338;64;111,0773401093991;5
128;128;9845,73505456529;81;121,40777969728008;5
129;129;34644,3288073237;264;130,75967750311156;5
130;130;83961,33506611656;570;142,5198342925138;5
131;131;57372,111426354495;385;154,24608937658505;4
132;132;45807,80455017744;300;162,50329705930108;4
133;133;22181,06451111857;136;174,23482832523942;4
134;134;12635,797534498377;66;194,28552562897616;5
135;135;2043,4725705372384;44;46,790897988064344;6
136;136;2662,5251896064783;45;58,75447798333368;6
137;137;3079,8105602263304;44;66,77846894632093;6
138;138;3142,0987561723186;43;72,14897281842812;5
139;139;3307,742235928113;42;79,67076965943816;5
140;140;2721,457328322823;35;77,36412928551675;5
141;141;3694,27910372688;42;87,09339438185815;5
142;142;5282,336643930871;51;103,55482098006922;5
143;143;7539,609266559944;65;116,2747853514114;5
144;144;12290,34555962298;95;129,91614423730658;5
145;145;12993,63085166673;94;138,74596299679817;5
146;146;46353,27406841532;338;137,32779166775705;5
147;147;272239,6204147466;1843;147,47568513589468;5
148;148;76460,50357905541;494;154,75642037308987;5
149;149;15553,898513920098;91;171,85784168318258;5
150;150;2615,394541041006;45;58,16372723644729;7
151;151;5782,388083424777;71;81,19924317325996;7
152;152;4692,278510223029;59;79,1563067106922;6
153;153;3569,9427294625707;47;74,4302000726224;6
154;154;4698,48253849502;53;85,04603804153979;6
155;155;3997,020240713315;45;87,55818097283654;5
156;156;5393,613591504768;56;96,7541494730405;5
157;157;7526,523868502276;66;113,30595275242243;5
158;158;9231,17885307912;73;126,15732541658538;5
159;159;12170,914793329075;91;134,02589628321758;5
160;160;12801,39092124621;89;143,53916903310636;5
161;161;84460,5684272815;584;144,75006058527617;5
162;162;136616,38578862505;928;147,43086577312238;5
163;163;22220,534921250015;142;156,47159558848853;5
164;164;23672,008929441003;145;162,96076332591485;5
165;165;5895,661704878622;76;76,04503372019329;8
166;166;6592,349069820821;66;100,1278153718451;8
167;167;13757,838955555413;121;106,18330991549689;8
168;168;8025,128969968667;78;98,35072104035714;7
169;169;8603,06670372914;85;100,76446885882102;7
170;170;11957,460326871362;104;108,48149713122145;7
171;171;4211,009282042531;48;87,04401670243848;6
172;172;6727,492894576223;68;98,83340678305926;6
173;173;10001,976956925331;86;115,03495322613945;6
174;174;13107,309892923558;103;127,01810341465695;6
175;175;13929,841560400748;104;134,82514753741216;6
176;176;23706,76050137654;168;139,75494479348507;6
177;177;43101,363778315;297;143,7513882150052;6
178;178;35472,977249449585;236;150,77641448396676;5
179;179;23211,535426829298;154;150,30681632205352;5
180;180;21430,152210009463;183;114,19676255543214;9
181;181;20830,910260013286;169;122,36434591771582;8
182;182;20276,2040676559;160;123,6868295907197;8
183;183;10873,00214602944;94;115,59532464427252;7
184;184;19458,051212143928;152;127,47745334018283;7
185;185;36060,127639956634;256;129,86781478598857;7
186;186;27001,891461595922;201;109,80539697195178;6
187;187;8912,807651751713;82;108,97663435076052;6
188;188;13011,648431186364;109;119,50171588765285;6
189;189;15555,560054609277;121;127,70269788531658;6
190;190;14342,097740820926;106;134,88672596636667;6
191;191;28665,226235011734;204;140,5201193268526;6
192;192;17858,996684514335;123;145,42059794721277;6
193;193;23447,975567283567;157;149,18413354211341;5
194;194;41447,22285469056;285;145,3806741598771;5
195;195;651197,2120776442;4380;148,22036651897568;10
196;196;33122,4088749456;243;135,62196747845934;9
197;197;31753,598416305646;232;136,36268875482548;8
198;198;53755,945863862165;376;136,21619261547488;8
199;199;35059,05307044294;254;138,1661710672225;7
200;200;34937,7108120098;225;155,45044929303197;7
201;201;143479,17882717564;970;147,8519756219746;7
202;202;134985,84408701412;917;130,38850259450982;7
203;203;150847,14469418486;1029;119,53314567579466;6
204;204;116764,06960566183;801;127,99160726059296;6
205;205;53513,16137303795;393;136,04091341517255;6
206;206;106353,15222990744;740;143,4627902574743;6
207;207;64992,96537461032;446;145,57090540942045;6
208;208;28814,055969763573;190;151,72818705954404;6
209;209;24805,586649817065;163;155,892024786381;6
210;210;92086,14500459716;617;145,40462228885545;10
211;211;129213,49353635243;871;149,1516082162991;9
212;212;70298,31511299778;475;148,81261974675203;8
213;213;223487,42833722362;1511;147,88494771478534;8
214;214;41480,22253232855;286;145,35254162638344;7
215;215;15592,297867836736;88;177,03791571301753;7
216;216;314323,50102591794;2104;149,8946803039887;7
217;217;655250,623961367;4368;150,00113481230895;7
218;218;2696759,7056678333;18057;149,2815564501742;8
219;219;402952,72557337594;2686;149,99234854696329;6
220;220;196705,434927937;1320;148,97346044950316;6
221;221;89857,37025637295;586;153,4032113048836;6
222;222;23619,481947202432;146;163,02110426437804;6
223;223;15667,580415486354;90;176,87598411583642;6
224;224;5637,688532214066;27;220,87480051845748;6
